2019211004       10    10    10    10    10    50
2019211012       10    10    10    10    10    50
2019211013      10    10    10    10    10    50
2019211019      10    10    10    3    10    43
2019211022
2019211028       10    8    10    3    5    36
2019211037      10    10    10    10    10    50
2019211052       10    10    10    10    10    50
2019211059      10    10    10    10    10    50
2019211070       8    10    8    10    10    46
2019213211      10    10    10    10    10    50
201928013822002        10    3    10    10    10    43
201928013822003        10    3    10    10    10    43
43099061       10    10    10    3    10    43
86225892       10    10    10    10    10    50
38789671       10    10    10    10    10    50
45875852       10    10    10    10    10    50
49440919     10    10    10    10    10    50
60501405       10    8    10    10    10    48
29736935    
45971989       10    10    10    10    10    50
59273685       10    10    10    3    10    43
47029417     10    10    10    3    5    38
44988701       10    10    10    10    10    50
87909547       10    10    10    10    10    50