2019211004       10    10    9    7    10    46
  2019211012       10    8    10    8    10    46
  2019211013     10    10    10    10    10    50
  2019211019     10    10    9    8    10    47
  2019211022     10    9    10    10    10    49
  2019211028       10    5    8    8    10    41
  2019211037     10    7    8    10    10    45
  2019211052       10    9    9    8    10    46
  2019211059     10    10    10    9    10    49
  2019211070       10    9    10    10    10    49
  2019213211     10    9    8    8    10    45
  201928013822002       10    9    10    9    10    48
  201928013822003       10    8    8    8    10    44
  43099061       10    8    9    8    10    45
  86225892       10    10    10    10    10    50
  38789671       10    8    10    10    10    48
  45875852       10    9    10    10    10    49
  49440919     10    10    8    8    10    46
  60501405
  29736935       10    8    8    8    10    44
  45971989       10    8    10    10    10    48
  59273685       10    10    10    10    10    50
  47029417     10    10    10    10    10    50
  44988701       10    8    8    8    10    44
  87909547       10    9    9    8    10    46