2019211004        10    10    10    10    10    50
2019211012        10    10    10    10    10    50
2019211013       8    10    10    10    10    48
2019211019
2019211022       10    10    10    10    10    50
2019211028
2019211037       10    10    10    10    10    50
2019211052        8    10    10    10    10    48
2019211059       10    10    10    10    10    50
2019211070        8    10    10    10    10    48
2019213211       10    10    10    10    10    50
201928013822002        10    10    10    10    10    50
201928013822003        10    10    10    10    10    50
43099061        10    10    10    10    10    50
86225892        10    10    10    10    10    50
38789671        10    10    10    10    10    50
45875852        10    10    10    10    10    50
49440919       10    10    10    10    10    50
60501405    
29736935        8    10    10    7    10    45
45971989        10    10    10    10    10    50
59273685        10    10    10    10    10    50
47029417       10    10    10    10    10    50
44988701        10    10    10    10    10    50
87909547        8    10    10    10    10    48
