 2019211004        10    10    10    10    10    50
  2019211012        8    10    10    10    10    48
  2019211013      10    10    10    10    7    47
  2019211019      10    10    10    10    8    48
  2019211022
  2019211028
  2019211037      10    10    10    10    8    48
  2019211052        7    10    8    10    8    43
  2019211059      10    10    10    10    6    46
  2019211070        10    7    10    10    5    42
  2019213211      7    10    10    10    8    45
  201928013822002        10    7    7    10    5    39
  201928013822003        10    7    7    10    5    39
  43099061       10    10    10    10    8    48
  86225892       10    10    10    10    10    50
  38789671       10    10    10    10    10    50
  45875852       10    10    10    10    10    50
  49440919     10    7    10    10    7    44
  60501405    
  29736935       10    3    8    10    8    39
  45971989       10    10    10    10    10    50
  59273685       10    10    10    10    10    50
  47029417     10    10    10    10    10    50
  44988701       10    7    10    10    8    45
  87909547    
