2019211004        10    10    10    10    10    50
2019211012        10    10    10    4    0    34
2019211013       9    10    10    10    10    49
2019211019
2019211022       8    10    10    10    10    48
2019211028
2019211037       10    10    10    10    10    50
2019211052        7    10    8    4    0    29
2019211059       10    10    8    10    10    48
2019211070        10    10    10    4    0    34
2019213211       9    10    8    10    7    44
201928013822002        10    10    10    4    0    34
201928013822003        8    10    10    0    0    28
43099061        9    10    8    0    0    27
86225892        10    10    10    10    10    50
38789671    
45875852        8    8    10    9    5    40
49440919      9    10    10    10    10    49
60501405    
29736935        7    10    10    10    10    47
45971989        10    10    10    10    10    50
59273685        10    10    10    10    10    50
47029417      10    10    10    9    10    49
44988701        10    10    10    10    10    50
87909547    
